240
-0.0030170174 -1.0000453 -4.6829495     1.0 1.0 1.0 1.0     7.450580596923828e-08 0.0
-0.0030170174 -1.0000453 -4.6829495     1.0 1.0 1.0 1.0     7.450580596923828e-08 0.0
-0.0030170174 -1.0000453 -4.6829495     1.0 1.0 1.0 1.0     7.450580596923828e-08 0.0
0.496983 -0.8660706 -4.6829495     1.0 1.0 1.0 1.0     7.450580596923828e-08 0.0
0.496983 -0.8660706 -4.6829495     1.0 1.0 1.0 1.0     7.450580596923828e-08 0.0
0.496983 -0.8660706 -4.6829495     1.0 1.0 1.0 1.0     7.450580596923828e-08 0.0
0.8630083 -0.50004524 -4.6829495     1.0 1.0 1.0 1.0     7.450580596923828e-08 0.0
0.8630083 -0.50004524 -4.6829495     1.0 1.0 1.0 1.0     7.450580596923828e-08 0.0
0.8630083 -0.50004524 -4.6829495     1.0 1.0 1.0 1.0     7.450580596923828e-08 0.0
0.99698293 -4.526141e-05 -4.6829495     1.0 1.0 1.0 1.0     7.450580596923828e-08 0.0
0.99698293 -4.526141e-05 -4.6829495     1.0 1.0 1.0 1.0     7.450580596923828e-08 0.0
0.99698293 -4.526141e-05 -4.6829495     1.0 1.0 1.0 1.0     7.450580596923828e-08 0.0
0.8630083 0.49995476 -4.6829495     1.0 1.0 1.0 1.0     7.450580596923828e-08 0.0
0.8630083 0.49995476 -4.6829495     1.0 1.0 1.0 1.0     7.450580596923828e-08 0.0
0.8630083 0.49995476 -4.6829495     1.0 1.0 1.0 1.0     7.450580596923828e-08 0.0
0.496983 0.86598 -4.6829495     1.0 1.0 1.0 1.0     7.450580596923828e-08 0.0
0.496983 0.86598 -4.6829495     1.0 1.0 1.0 1.0     7.450580596923828e-08 0.0
0.496983 0.86598 -4.6829495     1.0 1.0 1.0 1.0     7.450580596923828e-08 0.0
-0.0030170174 0.9999547 -4.6829495     1.0 1.0 1.0 1.0     7.450580596923828e-08 0.0
-0.0030170174 0.9999547 -4.6829495     1.0 1.0 1.0 1.0     7.450580596923828e-08 0.0
-0.0030170174 0.9999547 -4.6829495     1.0 1.0 1.0 1.0     7.450580596923828e-08 0.0
-0.503017 0.86598 -4.6829495     1.0 1.0 1.0 1.0     7.450580596923828e-08 0.0
-0.503017 0.86598 -4.6829495     1.0 1.0 1.0 1.0     7.450580596923828e-08 0.0
-0.503017 0.86598 -4.6829495     1.0 1.0 1.0 1.0     7.450580596923828e-08 0.0
-0.8690424 0.49995476 -4.6829495     1.0 1.0 1.0 1.0     7.450580596923828e-08 0.0
-0.8690424 0.49995476 -4.6829495     1.0 1.0 1.0 1.0     7.450580596923828e-08 0.0
-0.8690424 0.49995476 -4.6829495     1.0 1.0 1.0 1.0     7.450580596923828e-08 0.0
-1.0030171 -4.526141e-05 -4.6829495     1.0 1.0 1.0 1.0     7.450580596923828e-08 0.0
-1.0030171 -4.526141e-05 -4.6829495     1.0 1.0 1.0 1.0     7.450580596923828e-08 0.0
-1.0030171 -4.526141e-05 -4.6829495     1.0 1.0 1.0 1.0     7.450580596923828e-08 0.0
-0.8690424 -0.50004524 -4.6829495     1.0 1.0 1.0 1.0     7.450580596923828e-08 0.0
-0.8690424 -0.50004524 -4.6829495     1.0 1.0 1.0 1.0     7.450580596923828e-08 0.0
-0.8690424 -0.50004524 -4.6829495     1.0 1.0 1.0 1.0     7.450580596923828e-08 0.0
-0.503017 -0.8660706 -4.6829495     1.0 1.0 1.0 1.0     7.450580596923828e-08 0.0
-0.503017 -0.8660706 -4.6829495     1.0 1.0 1.0 1.0     7.450580596923828e-08 0.0
-0.503017 -0.8660706 -4.6829495     1.0 1.0 1.0 1.0     7.450580596923828e-08 0.0
0.0 -1.0 -0.0     1.0 1.0 1.0 1.0     7.450580596923828e-08 0.0
0.0 -1.0 -0.0     1.0 1.0 1.0 1.0     7.450580596923828e-08 0.0
0.0 -1.0 -0.0     1.0 1.0 1.0 1.0     7.450580596923828e-08 0.0
0.5 -0.8660253 -0.0     1.0 1.0 1.0 1.0     7.450580596923828e-08 0.0
0.5 -0.8660253 -0.0     1.0 1.0 1.0 1.0     7.450580596923828e-08 0.0
0.5 -0.8660253 -0.0     1.0 1.0 1.0 1.0     7.450580596923828e-08 0.0
0.8660253 -0.5 -0.0     1.0 1.0 1.0 1.0     7.450580596923828e-08 0.0
0.8660253 -0.5 -0.0     1.0 1.0 1.0 1.0     7.450580596923828e-08 0.0
0.8660253 -0.5 -0.0     1.0 1.0 1.0 1.0     7.450580596923828e-08 0.0
1.0 0.0 -0.0     1.0 1.0 1.0 1.0     7.450580596923828e-08 0.0
1.0 0.0 -0.0     1.0 1.0 1.0 1.0     7.450580596923828e-08 0.0
1.0 0.0 -0.0     1.0 1.0 1.0 1.0     7.450580596923828e-08 0.0
0.8660253 0.5 -0.0     1.0 1.0 1.0 1.0     7.450580596923828e-08 0.0
0.8660253 0.5 -0.0     1.0 1.0 1.0 1.0     7.450580596923828e-08 0.0
0.8660253 0.5 -0.0     1.0 1.0 1.0 1.0     7.450580596923828e-08 0.0
0.5 0.8660253 -0.0     1.0 1.0 1.0 1.0     7.450580596923828e-08 0.0
0.5 0.8660253 -0.0     1.0 1.0 1.0 1.0     7.450580596923828e-08 0.0
0.5 0.8660253 -0.0     1.0 1.0 1.0 1.0     7.450580596923828e-08 0.0
0.0 1.0 -0.0     1.0 1.0 1.0 1.0     7.450580596923828e-08 0.0
0.0 1.0 -0.0     1.0 1.0 1.0 1.0     7.450580596923828e-08 0.0
0.0 1.0 -0.0     1.0 1.0 1.0 1.0     7.450580596923828e-08 0.0
-0.5 0.8660253 -0.0     1.0 1.0 1.0 1.0     7.450580596923828e-08 0.0
-0.5 0.8660253 -0.0     1.0 1.0 1.0 1.0     7.450580596923828e-08 0.0
-0.5 0.8660253 -0.0     1.0 1.0 1.0 1.0     7.450580596923828e-08 0.0
-0.8660253 0.5 -0.0     1.0 1.0 1.0 1.0     7.450580596923828e-08 0.0
-0.8660253 0.5 -0.0     1.0 1.0 1.0 1.0     7.450580596923828e-08 0.0
-0.8660253 0.5 -0.0     1.0 1.0 1.0 1.0     7.450580596923828e-08 0.0
-1.0 0.0 -0.0     1.0 1.0 1.0 1.0     7.450580596923828e-08 0.0
-1.0 0.0 -0.0     1.0 1.0 1.0 1.0     7.450580596923828e-08 0.0
-1.0 0.0 -0.0     1.0 1.0 1.0 1.0     7.450580596923828e-08 0.0
-0.8660253 -0.5 -0.0     1.0 1.0 1.0 1.0     7.450580596923828e-08 0.0
-0.8660253 -0.5 -0.0     1.0 1.0 1.0 1.0     7.450580596923828e-08 0.0
-0.8660253 -0.5 -0.0     1.0 1.0 1.0 1.0     7.450580596923828e-08 0.0
-0.5 -0.8660253 -0.0     1.0 1.0 1.0 1.0     7.450580596923828e-08 0.0
-0.5 -0.8660253 -0.0     1.0 1.0 1.0 1.0     7.450580596923828e-08 0.0
-0.5 -0.8660253 -0.0     1.0 1.0 1.0 1.0     7.450580596923828e-08 0.0
0.0 -1.33342 -4.647322     1.0 1.0 1.0 1.0     7.450580596923828e-08 0.0
0.0 -1.33342 -4.647322     1.0 1.0 1.0 1.0     7.450580596923828e-08 0.0
0.0 -1.33342 -4.647322     1.0 1.0 1.0 1.0     7.450580596923828e-08 0.0
0.0 -1.33342 -5.0     1.0 1.0 1.0 1.0     7.450580596923828e-08 0.0
0.0 -1.33342 -5.0     1.0 1.0 1.0 1.0     7.450580596923828e-08 0.0
0.0 -1.33342 -5.0     1.0 1.0 1.0 1.0     7.450580596923828e-08 0.0
0.66671 -1.1547757 -4.647322     1.0 1.0 1.0 1.0     7.450580596923828e-08 0.0
0.66671 -1.1547757 -4.647322     1.0 1.0 1.0 1.0     7.450580596923828e-08 0.0
0.66671 -1.1547757 -4.647322     1.0 1.0 1.0 1.0     7.450580596923828e-08 0.0
0.66671 -1.1547757 -5.0     1.0 1.0 1.0 1.0     7.450580596923828e-08 0.0
0.66671 -1.1547757 -5.0     1.0 1.0 1.0 1.0     7.450580596923828e-08 0.0
0.66671 -1.1547757 -5.0     1.0 1.0 1.0 1.0     7.450580596923828e-08 0.0
1.1547754 -0.66671026 -4.647322     1.0 1.0 1.0 1.0     7.450580596923828e-08 0.0
1.1547754 -0.66671026 -4.647322     1.0 1.0 1.0 1.0     7.450580596923828e-08 0.0
1.1547754 -0.66671026 -4.647322     1.0 1.0 1.0 1.0     7.450580596923828e-08 0.0
1.1547754 -0.66671026 -5.0     1.0 1.0 1.0 1.0     7.450580596923828e-08 0.0
1.1547754 -0.66671026 -5.0     1.0 1.0 1.0 1.0     7.450580596923828e-08 0.0
1.1547754 -0.66671026 -5.0     1.0 1.0 1.0 1.0     7.450580596923828e-08 0.0
1.33342 -2.1084892e-07 -4.647322     1.0 1.0 1.0 1.0     7.450580596923828e-08 0.0
1.33342 -2.1084892e-07 -4.647322     1.0 1.0 1.0 1.0     7.450580596923828e-08 0.0
1.33342 -2.1084892e-07 -4.647322     1.0 1.0 1.0 1.0     7.450580596923828e-08 0.0
1.33342 -2.1084892e-07 -5.0     1.0 1.0 1.0 1.0     7.450580596923828e-08 0.0
1.33342 -2.1084892e-07 -5.0     1.0 1.0 1.0 1.0     7.450580596923828e-08 0.0
1.33342 -2.1084892e-07 -5.0     1.0 1.0 1.0 1.0     7.450580596923828e-08 0.0
1.1547754 0.6667098 -4.647322     1.0 1.0 1.0 1.0     7.450580596923828e-08 0.0
1.1547754 0.6667098 -4.647322     1.0 1.0 1.0 1.0     7.450580596923828e-08 0.0
1.1547754 0.6667098 -4.647322     1.0 1.0 1.0 1.0     7.450580596923828e-08 0.0
1.1547754 0.6667098 -5.0     1.0 1.0 1.0 1.0     7.450580596923828e-08 0.0
1.1547754 0.6667098 -5.0     1.0 1.0 1.0 1.0     7.450580596923828e-08 0.0
1.1547754 0.6667098 -5.0     1.0 1.0 1.0 1.0     7.450580596923828e-08 0.0
0.66671 1.1547753 -4.647322     1.0 1.0 1.0 1.0     7.450580596923828e-08 0.0
0.66671 1.1547753 -4.647322     1.0 1.0 1.0 1.0     7.450580596923828e-08 0.0
0.66671 1.1547753 -4.647322     1.0 1.0 1.0 1.0     7.450580596923828e-08 0.0
0.66671 1.1547753 -5.0     1.0 1.0 1.0 1.0     7.450580596923828e-08 0.0
0.66671 1.1547753 -5.0     1.0 1.0 1.0 1.0     7.450580596923828e-08 0.0
0.66671 1.1547753 -5.0     1.0 1.0 1.0 1.0     7.450580596923828e-08 0.0
0.0 1.3334198 -4.647322     1.0 1.0 1.0 1.0     7.450580596923828e-08 0.0
0.0 1.3334198 -4.647322     1.0 1.0 1.0 1.0     7.450580596923828e-08 0.0
0.0 1.3334198 -4.647322     1.0 1.0 1.0 1.0     7.450580596923828e-08 0.0
0.0 1.3334198 -5.0     1.0 1.0 1.0 1.0     7.450580596923828e-08 0.0
0.0 1.3334198 -5.0     1.0 1.0 1.0 1.0     7.450580596923828e-08 0.0
0.0 1.3334198 -5.0     1.0 1.0 1.0 1.0     7.450580596923828e-08 0.0
-0.66671 1.1547753 -4.647322     1.0 1.0 1.0 1.0     7.450580596923828e-08 0.0
-0.66671 1.1547753 -4.647322     1.0 1.0 1.0 1.0     7.450580596923828e-08 0.0
-0.66671 1.1547753 -4.647322     1.0 1.0 1.0 1.0     7.450580596923828e-08 0.0
-0.66671 1.1547753 -5.0     1.0 1.0 1.0 1.0     7.450580596923828e-08 0.0
-0.66671 1.1547753 -5.0     1.0 1.0 1.0 1.0     7.450580596923828e-08 0.0
-0.66671 1.1547753 -5.0     1.0 1.0 1.0 1.0     7.450580596923828e-08 0.0
-1.1547754 0.6667098 -4.647322     1.0 1.0 1.0 1.0     7.450580596923828e-08 0.0
-1.1547754 0.6667098 -4.647322     1.0 1.0 1.0 1.0     7.450580596923828e-08 0.0
-1.1547754 0.6667098 -4.647322     1.0 1.0 1.0 1.0     7.450580596923828e-08 0.0
-1.1547754 0.6667098 -5.0     1.0 1.0 1.0 1.0     7.450580596923828e-08 0.0
-1.1547754 0.6667098 -5.0     1.0 1.0 1.0 1.0     7.450580596923828e-08 0.0
-1.1547754 0.6667098 -5.0     1.0 1.0 1.0 1.0     7.450580596923828e-08 0.0
-1.33342 -2.1084892e-07 -4.647322     1.0 1.0 1.0 1.0     7.450580596923828e-08 0.0
-1.33342 -2.1084892e-07 -4.647322     1.0 1.0 1.0 1.0     7.450580596923828e-08 0.0
-1.33342 -2.1084892e-07 -4.647322     1.0 1.0 1.0 1.0     7.450580596923828e-08 0.0
-1.33342 -2.1084892e-07 -5.0     1.0 1.0 1.0 1.0     7.450580596923828e-08 0.0
-1.33342 -2.1084892e-07 -5.0     1.0 1.0 1.0 1.0     7.450580596923828e-08 0.0
-1.33342 -2.1084892e-07 -5.0     1.0 1.0 1.0 1.0     7.450580596923828e-08 0.0
-1.1547754 -0.66671026 -4.647322     1.0 1.0 1.0 1.0     7.450580596923828e-08 0.0
-1.1547754 -0.66671026 -4.647322     1.0 1.0 1.0 1.0     7.450580596923828e-08 0.0
-1.1547754 -0.66671026 -4.647322     1.0 1.0 1.0 1.0     7.450580596923828e-08 0.0
-1.1547754 -0.66671026 -5.0     1.0 1.0 1.0 1.0     7.450580596923828e-08 0.0
-1.1547754 -0.66671026 -5.0     1.0 1.0 1.0 1.0     7.450580596923828e-08 0.0
-1.1547754 -0.66671026 -5.0     1.0 1.0 1.0 1.0     7.450580596923828e-08 0.0
-0.66671 -1.1547757 -4.647322     1.0 1.0 1.0 1.0     7.450580596923828e-08 0.0
-0.66671 -1.1547757 -4.647322     1.0 1.0 1.0 1.0     7.450580596923828e-08 0.0
-0.66671 -1.1547757 -4.647322     1.0 1.0 1.0 1.0     7.450580596923828e-08 0.0
-0.66671 -1.1547757 -5.0     1.0 1.0 1.0 1.0     7.450580596923828e-08 0.0
-0.66671 -1.1547757 -5.0     1.0 1.0 1.0 1.0     7.450580596923828e-08 0.0
-0.66671 -1.1547757 -5.0     1.0 1.0 1.0 1.0     7.450580596923828e-08 0.0
-0.0030170174 -1.0000453 4.6829495     1.0 1.0 1.0 1.0     7.450580596923828e-08 0.0
-0.0030170174 -1.0000453 4.6829495     1.0 1.0 1.0 1.0     7.450580596923828e-08 0.0
0.496983 -0.8660706 4.6829495     1.0 1.0 1.0 1.0     7.450580596923828e-08 0.0
0.496983 -0.8660706 4.6829495     1.0 1.0 1.0 1.0     7.450580596923828e-08 0.0
0.8630083 -0.50004524 4.6829495     1.0 1.0 1.0 1.0     7.450580596923828e-08 0.0
0.8630083 -0.50004524 4.6829495     1.0 1.0 1.0 1.0     7.450580596923828e-08 0.0
0.99698293 -4.526141e-05 4.6829495     1.0 1.0 1.0 1.0     7.450580596923828e-08 0.0
0.99698293 -4.526141e-05 4.6829495     1.0 1.0 1.0 1.0     7.450580596923828e-08 0.0
0.8630083 0.49995476 4.6829495     1.0 1.0 1.0 1.0     7.450580596923828e-08 0.0
0.8630083 0.49995476 4.6829495     1.0 1.0 1.0 1.0     7.450580596923828e-08 0.0
0.496983 0.86598 4.6829495     1.0 1.0 1.0 1.0     7.450580596923828e-08 0.0
0.496983 0.86598 4.6829495     1.0 1.0 1.0 1.0     7.450580596923828e-08 0.0
-0.0030170174 0.9999547 4.6829495     1.0 1.0 1.0 1.0     7.450580596923828e-08 0.0
-0.0030170174 0.9999547 4.6829495     1.0 1.0 1.0 1.0     7.450580596923828e-08 0.0
-0.503017 0.86598 4.6829495     1.0 1.0 1.0 1.0     7.450580596923828e-08 0.0
-0.503017 0.86598 4.6829495     1.0 1.0 1.0 1.0     7.450580596923828e-08 0.0
-0.8690424 0.49995476 4.6829495     1.0 1.0 1.0 1.0     7.450580596923828e-08 0.0
-0.8690424 0.49995476 4.6829495     1.0 1.0 1.0 1.0     7.450580596923828e-08 0.0
-1.0030171 -4.526141e-05 4.6829495     1.0 1.0 1.0 1.0     7.450580596923828e-08 0.0
-1.0030171 -4.526141e-05 4.6829495     1.0 1.0 1.0 1.0     7.450580596923828e-08 0.0
-0.8690424 -0.50004524 4.6829495     1.0 1.0 1.0 1.0     7.450580596923828e-08 0.0
-0.8690424 -0.50004524 4.6829495     1.0 1.0 1.0 1.0     7.450580596923828e-08 0.0
-0.503017 -0.8660706 4.6829495     1.0 1.0 1.0 1.0     7.450580596923828e-08 0.0
-0.503017 -0.8660706 4.6829495     1.0 1.0 1.0 1.0     7.450580596923828e-08 0.0
0.0 -1.33342 4.647322     1.0 1.0 1.0 1.0     7.450580596923828e-08 0.0
0.0 -1.33342 4.647322     1.0 1.0 1.0 1.0     7.450580596923828e-08 0.0
0.0 -1.33342 4.647322     1.0 1.0 1.0 1.0     7.450580596923828e-08 0.0
0.0 -1.33342 5.0     1.0 1.0 1.0 1.0     7.450580596923828e-08 0.0
0.0 -1.33342 5.0     1.0 1.0 1.0 1.0     7.450580596923828e-08 0.0
0.0 -1.33342 5.0     1.0 1.0 1.0 1.0     7.450580596923828e-08 0.0
0.66671 -1.1547757 4.647322     1.0 1.0 1.0 1.0     7.450580596923828e-08 0.0
0.66671 -1.1547757 4.647322     1.0 1.0 1.0 1.0     7.450580596923828e-08 0.0
0.66671 -1.1547757 4.647322     1.0 1.0 1.0 1.0     7.450580596923828e-08 0.0
0.66671 -1.1547757 5.0     1.0 1.0 1.0 1.0     7.450580596923828e-08 0.0
0.66671 -1.1547757 5.0     1.0 1.0 1.0 1.0     7.450580596923828e-08 0.0
0.66671 -1.1547757 5.0     1.0 1.0 1.0 1.0     7.450580596923828e-08 0.0
1.1547754 -0.66671026 4.647322     1.0 1.0 1.0 1.0     7.450580596923828e-08 0.0
1.1547754 -0.66671026 4.647322     1.0 1.0 1.0 1.0     7.450580596923828e-08 0.0
1.1547754 -0.66671026 4.647322     1.0 1.0 1.0 1.0     7.450580596923828e-08 0.0
1.1547754 -0.66671026 5.0     1.0 1.0 1.0 1.0     7.450580596923828e-08 0.0
1.1547754 -0.66671026 5.0     1.0 1.0 1.0 1.0     7.450580596923828e-08 0.0
1.1547754 -0.66671026 5.0     1.0 1.0 1.0 1.0     7.450580596923828e-08 0.0
1.33342 -2.1084892e-07 4.647322     1.0 1.0 1.0 1.0     7.450580596923828e-08 0.0
1.33342 -2.1084892e-07 4.647322     1.0 1.0 1.0 1.0     7.450580596923828e-08 0.0
1.33342 -2.1084892e-07 4.647322     1.0 1.0 1.0 1.0     7.450580596923828e-08 0.0
1.33342 -2.1084892e-07 5.0     1.0 1.0 1.0 1.0     7.450580596923828e-08 0.0
1.33342 -2.1084892e-07 5.0     1.0 1.0 1.0 1.0     7.450580596923828e-08 0.0
1.33342 -2.1084892e-07 5.0     1.0 1.0 1.0 1.0     7.450580596923828e-08 0.0
1.1547754 0.6667098 4.647322     1.0 1.0 1.0 1.0     7.450580596923828e-08 0.0
1.1547754 0.6667098 4.647322     1.0 1.0 1.0 1.0     7.450580596923828e-08 0.0
1.1547754 0.6667098 4.647322     1.0 1.0 1.0 1.0     7.450580596923828e-08 0.0
1.1547754 0.6667098 5.0     1.0 1.0 1.0 1.0     7.450580596923828e-08 0.0
1.1547754 0.6667098 5.0     1.0 1.0 1.0 1.0     7.450580596923828e-08 0.0
1.1547754 0.6667098 5.0     1.0 1.0 1.0 1.0     7.450580596923828e-08 0.0
0.66671 1.1547753 4.647322     1.0 1.0 1.0 1.0     7.450580596923828e-08 0.0
0.66671 1.1547753 4.647322     1.0 1.0 1.0 1.0     7.450580596923828e-08 0.0
0.66671 1.1547753 4.647322     1.0 1.0 1.0 1.0     7.450580596923828e-08 0.0
0.66671 1.1547753 5.0     1.0 1.0 1.0 1.0     7.450580596923828e-08 0.0
0.66671 1.1547753 5.0     1.0 1.0 1.0 1.0     7.450580596923828e-08 0.0
0.66671 1.1547753 5.0     1.0 1.0 1.0 1.0     7.450580596923828e-08 0.0
0.0 1.3334198 4.647322     1.0 1.0 1.0 1.0     7.450580596923828e-08 0.0
0.0 1.3334198 4.647322     1.0 1.0 1.0 1.0     7.450580596923828e-08 0.0
0.0 1.3334198 4.647322     1.0 1.0 1.0 1.0     7.450580596923828e-08 0.0
0.0 1.3334198 5.0     1.0 1.0 1.0 1.0     7.450580596923828e-08 0.0
0.0 1.3334198 5.0     1.0 1.0 1.0 1.0     7.450580596923828e-08 0.0
0.0 1.3334198 5.0     1.0 1.0 1.0 1.0     7.450580596923828e-08 0.0
-0.66671 1.1547753 4.647322     1.0 1.0 1.0 1.0     7.450580596923828e-08 0.0
-0.66671 1.1547753 4.647322     1.0 1.0 1.0 1.0     7.450580596923828e-08 0.0
-0.66671 1.1547753 4.647322     1.0 1.0 1.0 1.0     7.450580596923828e-08 0.0
-0.66671 1.1547753 5.0     1.0 1.0 1.0 1.0     7.450580596923828e-08 0.0
-0.66671 1.1547753 5.0     1.0 1.0 1.0 1.0     7.450580596923828e-08 0.0
-0.66671 1.1547753 5.0     1.0 1.0 1.0 1.0     7.450580596923828e-08 0.0
-1.1547754 0.6667098 4.647322     1.0 1.0 1.0 1.0     7.450580596923828e-08 0.0
-1.1547754 0.6667098 4.647322     1.0 1.0 1.0 1.0     7.450580596923828e-08 0.0
-1.1547754 0.6667098 4.647322     1.0 1.0 1.0 1.0     7.450580596923828e-08 0.0
-1.1547754 0.6667098 5.0     1.0 1.0 1.0 1.0     7.450580596923828e-08 0.0
-1.1547754 0.6667098 5.0     1.0 1.0 1.0 1.0     7.450580596923828e-08 0.0
-1.1547754 0.6667098 5.0     1.0 1.0 1.0 1.0     7.450580596923828e-08 0.0
-1.33342 -2.1084892e-07 4.647322     1.0 1.0 1.0 1.0     7.450580596923828e-08 0.0
-1.33342 -2.1084892e-07 4.647322     1.0 1.0 1.0 1.0     7.450580596923828e-08 0.0
-1.33342 -2.1084892e-07 4.647322     1.0 1.0 1.0 1.0     7.450580596923828e-08 0.0
-1.33342 -2.1084892e-07 5.0     1.0 1.0 1.0 1.0     7.450580596923828e-08 0.0
-1.33342 -2.1084892e-07 5.0     1.0 1.0 1.0 1.0     7.450580596923828e-08 0.0
-1.33342 -2.1084892e-07 5.0     1.0 1.0 1.0 1.0     7.450580596923828e-08 0.0
-1.1547754 -0.66671026 4.647322     1.0 1.0 1.0 1.0     7.450580596923828e-08 0.0
-1.1547754 -0.66671026 4.647322     1.0 1.0 1.0 1.0     7.450580596923828e-08 0.0
-1.1547754 -0.66671026 4.647322     1.0 1.0 1.0 1.0     7.450580596923828e-08 0.0
-1.1547754 -0.66671026 5.0     1.0 1.0 1.0 1.0     7.450580596923828e-08 0.0
-1.1547754 -0.66671026 5.0     1.0 1.0 1.0 1.0     7.450580596923828e-08 0.0
-1.1547754 -0.66671026 5.0     1.0 1.0 1.0 1.0     7.450580596923828e-08 0.0
-0.66671 -1.1547757 4.647322     1.0 1.0 1.0 1.0     7.450580596923828e-08 0.0
-0.66671 -1.1547757 4.647322     1.0 1.0 1.0 1.0     7.450580596923828e-08 0.0
-0.66671 -1.1547757 4.647322     1.0 1.0 1.0 1.0     7.450580596923828e-08 0.0
-0.66671 -1.1547757 5.0     1.0 1.0 1.0 1.0     7.450580596923828e-08 0.0
-0.66671 -1.1547757 5.0     1.0 1.0 1.0 1.0     7.450580596923828e-08 0.0
-0.66671 -1.1547757 5.0     1.0 1.0 1.0 1.0     7.450580596923828e-08 0.0
136
37 3 39
40 6 42
44 10 47
46 13 50
49 16 53
51 19 56
54 22 59
58 25 62
60 29 63
64 30 66
67 34 69
70 0 36
74 82 79
80 88 84
85 95 90
91 101 97
96 107 103
102 113 109
108 119 115
114 125 121
120 130 127
126 136 132
135 111 87
133 141 138
139 75 72
92 116 140
37 146 145
40 148 147
44 150 149
46 153 151
49 155 152
51 157 154
54 159 156
58 161 158
60 163 160
64 164 162
67 166 165
70 144 167
170 178 173
176 184 179
181 191 185
187 197 190
192 203 196
198 209 202
204 215 208
210 221 214
216 226 220
222 232 227
195 219 172
229 237 233
235 171 238
224 200 174
38 2 4
41 5 7
43 8 9
45 11 14
48 12 17
52 15 20
55 18 23
57 21 26
61 24 27
65 28 31
68 32 33
71 35 1
74 77 82
80 83 88
85 89 95
91 94 101
96 100 107
102 106 113
108 112 119
114 118 125
120 124 130
126 131 136
87 81 76
76 143 135
135 129 123
123 117 111
111 105 99
99 93 87
87 76 135
135 123 111
111 99 87
133 137 141
139 142 75
140 73 78
78 86 92
92 98 104
104 110 116
116 122 128
128 134 140
140 78 92
92 104 116
116 128 140
37 39 146
40 42 148
44 47 150
46 50 153
49 53 155
51 56 157
54 59 159
58 62 161
60 63 163
64 66 164
67 69 166
70 36 144
170 175 178
176 180 184
181 186 191
187 193 197
192 199 203
198 205 209
204 211 215
210 217 221
216 223 226
222 228 232
172 177 183
183 189 195
195 201 207
207 213 219
219 225 231
231 239 172
172 183 195
195 207 219
219 231 172
229 234 237
235 168 171
174 169 236
236 230 224
224 218 212
212 206 200
200 194 188
188 182 174
174 236 224
224 212 200
200 188 174
